-787 -223 -630 -780 525 -195 353 -923 205 -508 728 -514 -335 -853 -268 -657 -306 -203 746 -841 -993 -629 -498 71 111 -465 889 404 302 696 -856 191 154 587 659 -909 366 937 -849 -101 980 921 488 73 924 -165 -232 638 564 755 -526 418 -414 726 706 -287 -615 -421 965 999 97 -511 -632 372 943 -340 -914 -54 848 229 121 -909 819 279
-79 684 604 -156 -225 463 -812 573 -935 609 -521 889 -128 771 -630 696 -603 -400 342 -949 -953 -848 -568 -509 577 -991 -473 -279 -260 454 -53 -965 -307 523 623 218 -318 112 -374 -619 620 907 790 -983
955 214 -608 -799 464 987 798 -452 701 754 -589 71 -899 -836 -42 648 479 -913 931 17 -279 -499 -409 672 -153 -708 -313 543 853 509 632 -470 643 577 782 842 669 896 553 -29 736 -267 719 -390 -419 -52 -459
82 -567 -995 121 800 -431 274 114 -912 -750 -641 -420 -584 265 958 787 -393 -318 401 771 -837 820 -530 -397 -567 844 -467 -63 -988 715 986 739 197 793 989 -401 -524 -360 -785 533 208 -477 -521 418 -233 -12 344 -339 -858 -796 -825 451 233 -974 -787 -188 297 -910 -133 -968 -525 628 706 341 834
-365 -709 327 260 21 587 -984 -818 770 19 -381 -951 723 552 250 428 445 368 383 -408 686 -206 190 296 -893 -397 -751 -712 -524 -507 -329 274 85 -18 485 688 86 189 -811 91 308 285 -13 -79
957 528 -614 314 57 578 -428 292 368 -158 -152 553 -926 -412 149 -253 -414 -33 70 -756 583 392 -179 205 463 446 -815 914 -878 38 -338 -667 306 -957 876 -321 -226 359 -331 -643 -396 74 112 623 -885 -256 -11 -591 637 -532 -208 -85 -256 -196 828 220 943 -493 -974
456 234 -493 366 251 -957 835 500 391 -382 -346 835 722 -44 658 97 -606 83 11 -515 -455 771 -986 -463 567 525 757 -485 -423 58 -312 -469 566 745 217 763 -288 728 -674 528 -155 136 -527 801 -178 321 260 -968 450 -333 -841 876 -754 -878 961 330 -235 567 -359 -692 -458 514 -577 -409 661
234 915 -663 987 989 100 -23 -788 -714 981 -992 -144 -183 533 500 17 -349 850 -604 -445 502 465 -931 593 822 -534 11 -813 811
287 154 -122 907 -281 473 288 -928 -410 856 -28 -470 -561 -709 -604 -555 818 29 -733 142 -957 307 -972 604 574 -793 -475 821 764 928 -814 114 31 -950 624 -737 757 -345 683 492 730 -531 -417 -320 -543 -922 -595 776 425 118 318 -340 -836 959 -911 440 -297 816 -11 -914 -223 784
344 -879 -894 -344 993 -818 484 478 -105 651 -21 -887 87 -228 869 -968 -378 987 669 -90 143 47 -445 782 188 383 810 449 -81 369 91 923 261 942 419 -710
-415 4 -954 723 42 -242 225 -196 20 -989 80 -747 -697 6 27 -699 -579 886 950 -252 -30 -768 312 -120 18 -493 -225 216 928 131 66 -637 578 872 -477 -68 529 -956 -948 -456 491 -529
540 468 -813 341 -70 993 -257 57 -500 -225 -85 861 440 619 962 -946 228 -629 -191 426 772 -149 725 19 -447 -277 377 86 -586 -342 484 -409 -763 -619 -982 -202 614 -360 -978 -15 -972 -720 -958
-422 -764 -395 272 413 929 -554 -15 594 756 -827 -549 143 -260 -737 782 597 -39 -288 460 501 -539 -370 10 -605 763 530 957 -37 -792 -78 -796 362 634 -297 896 316 999 947 -778 -366
-958 982 -822 -165 -950 -555 -810 668 416 -712 -347 208 139 734 -152 -102 -31 867 -692 393 738 -521 225 821 350 746 732 -520 532 -817 -759 893
624 -451 -420 66 66 -421 998 560 485 -718 817 -599 601 -759 371 -457 394 -121 -565 -638 446 -748 815 937 544 242 567 -842 -196 186 -175 -509 -821 7 457 -233 75 202 -193 -839 -688 -14 48 953 388 899 870 -123 -482 486
-151 -971 91 748 -714 -610 -319 564 -913 -100 272 -277 -730 820 921 861 -296 -238 -604 -509 59 948 854 -750 -583 -32 419 -695 -383 -426 250 -81 465 945 230 -705 -430 -555 175 629 -622 -213 139 430 -84 337 838 770 -653 -810 -38 -266 75 537 -103 894 -924 409 939 948 597 84 350
396 294 165 397 78 -52 -361 -516 -160 -627 -672 -328 353 139 27 170 -584 -95 448 405 434 107 430 643 -526 -789 -187 613 -976 -41 -194 -607 -698 918 -830 -624 -863 566 907 -563 -734 -85 141 -665
-822 -357 -61 301 -831 -520 -540 -895 299 -910 -695 -550 -649 298 -888 -313 36 -856 -524 -855 -785 -963 -755 267 898 619 525 114 880 -155 -310 -828 -567
451 382 -114 98 134 24 489 601 119 507 -155 327 194 -368 -600 -245 769 -88 198 -711 -913 913 -878 736 -49 -937 -337 -887 -609 115 758 -342 582 5 -852
558 -552 -237 180 342 -425 883 -430 152 121 45 360 -228 77 664 813 -270 -874 299 -241 41 -81 757 -657 -125 479 227 362 941 376 -653 736 -252 48 921 -977 -282 -680 390 739 161
-598 479 -309 152 -545 -208 -887 159 -400 936 -479 -697 77 929 -424 165 -419 -305 -916 -246 876 819 -133 528 162 -534 363 -469 -25 -131 833 267 385 144 947 261 -900 601 861
726 -138 -760 -36 -758 -46 -177 938 449 201 -193 852 748 -434 -158 120 -986 -231 939 352 684 -212 245 779 656 605 626 808 -846 251 -873 -113 58 688
-820 577 -446 137 578 -278 -11 -405 562 -279 611 -95 962 -34 -381 -963 -182 327 412 339 -214 472 -466 83 176 139 881 599 -933 -275 389 448 288 -309 -179 502 -281 484 863 -374 -348 335 137 -159 723 -632 -58 716 89 700
438 -840 841 -77 -115 -246 -59 -981 -122 451 246 -982 67 745 -885 23 447 -325 860 42 -12 77 467 -843 -523 -5 441 66 742 -323 -293 558 -153 62 774 484 90 -59 -433 177 -7 -583 471 -280 -247 995 -829 -585 -27 -920 -73 443 -406 -222 254 513 -353 422 532 870 915 384 -296 -622 -199 -756 819 -159 132 -824 133 -668 460 -577 815
485 628 -544 -917 443 771 -391 604 734 902 -687 -354 845 -572 -663 931 -8 991 -36 -854 734 -958 -168 -519 -261 92 424 731 -336 -17 99 -767 197 348 -56 191 952 564 -355 793 -770 -885 -445 -303 304 105 -522 960 -132 960 0 -454 849 227 -319 -420 553 -392 172 -80 -98 979 -892 167 -94 -38 -754 118
479 -873 -100 -442 755 932 39 146 -112 24 -777 -358 377 524 -860 -448 -433 -207 234 218 -378 -93 -558 916 304 -462 64 -970 -725 -560 988 112 -877 416 -964 881
53 -315 428 419 -860 -882 590 -979 415 -832 913 -238 -26 -761 454 173 96 179 -250 996 196 682 568 590 986 -730 867 774 685 130 -400 -748 -686 948 -930 -461 641 436 -753 -226 443 -284 863 740 516 785 112 -673 113 -990 715 426 413 -930 -541 -590 919 -623 517 400 -950 539 -123 686
-626 -856 -946 -31 -58 115 112 498 -406 -593 -493 935 -256 -224 -736 -389 323 446 -11 -96 283 -92 345 -390 344 -150 147 502 -801 -536 -420 741 486 382 -839 -101 427 -19 -78 -438 -994 774 -290 40 -360 -971 -617 -770 -855 -742 -748 437
-30 -538 -619 -278 180 -339 -848 920 -966 -118 938 -125 -453 590 294 757 -715 -771 897 -419 -114 66 -486 -263 319 -70 517 940 20 4 505 698 -58 402 -325 728 -512 423 -703 682 -396 -243 832 153 -700 924 -488 727 287 406 -435 214 114 759 557 304 930 660 -249 -678 -835 199 905 -619 -424 -402 573 230
4 -142 525 370 141 405 395 807 -749 835 126 -763 726 -986 -745 -87 -869 -37 684 976 -885 -474 -31 -71 174 375 -915 -605 877 -568 108 -819 -738 55 -957 412 -294 594 -650 -171 610 84 -344 182 998 -338 590 891 -654
872 998 488 -62 -109 827 21 707 242 886 221 349 -48 -123 416 724 369 729 476 -905 228 567 300 -167 202 614 -940 -920 593 -108 659 -318 -409 104 -904 -164 255 -173 -153 -355 -317 160 202 -303 716 -85 -486 -356 -170 -831 -677 -692 357 -779 -706 546 30 -506 -399 765 575 347 442 636 406 -1000 -425 -829 397 6 255 475
941 -410 362 -422 -871 -745 64 -798 -527 932 -337 -316 -790 27 227 930 213 522 -841 806 -800 -484 671 -114 -297 744 -558 -205 767
-888 -697 -24 -334 665 237 200 20 -721 -596 -817 -508 283 -917 -230 -167 48 -746 20 119 -416 56 -382 -910 732 -366 -8 696 -9 -91 -727 -347 39 -120 -597
-508 -482 833 307 -766 -667 954 61 -768 -113 393 176 276 203 -913 742 278 724 -627 857 -906 -64 922 -487 530 761 -392 233 -995 949 748 -283 -429 348 600 314 -539 796 -840 975 488 882 -509 -481 252 -326 -92 709 82 811
881 200 994 -312 -772 287 693 436 555 -67 -352 -466 255 878 352 556 961 -865 461 181 -13 -837 -670 815 738 602 -338 -259 255 593 -182 661 798 986 -663 52 617 -257 498 94 -343 -824 -680 -297 -647 753 -560 -620 854 359 -319 357 -293
-606 743 -133 -290 -587 -799 642 -812 -289 -121 -764 -308 -784 -750 814 -950 -724 -562 461 423 -914 693 -464 33 -696 765 -649 847 -577 904 47 -605 -710 897 -611 28 -223 -350 -974 874 -607 -321 73
692 -154 835 543 889 -543 673 515 -970 399 133 467 259 -438 113 405 -965 690 59 337 508 351 -642 -646 803 717 954 437 955
-974 969 -87 -733 -674 87 543 113 -414 -854 514 -209 -827 454 107 -262 458 182 -609 -404 610 648 -60 56 435 -128 -304 -857 672 -293 334 379 980 718 262 -992 258 -404 754 -116 289 -659 -44 -63 -307 -5 -256 -973 -197 -200 790 714 -859 434 -238 910 230 -357 652 -201 157 -491 -36 936 968 660 -819 -735 576
-242 -814 -242 616 687 975 -500 555 -317 932 452 5 999 -491 382 -158 241 -249 -26 -715 619 -604 356 685 471 -908 333 376 -649 230 -632 274 -113 942 -264 -718 -789 174 -263 438 377 901 421 -249 318 830 -971 300 -986 234 -473 175 -720 808 -763 547 -757 -815 655 -664 -836 -764
-349 -62 -116 -443 -951 210 539 225 674 -864 -322 -918 -484 -665 152 -46 373 25 600 613 276 -199 -42 421 -225 -28 599 747 -460 -392 499 -461 309 -460 781 430
-985 468 531 -737 370 911 -557 802 508 -512 -139 -988 650 643 -362 -145 -258 -939 -695 77 674 340 644 651 -751 784 -290 -469 -342 -569 480 -570 356 -432 -630 -420 623 -10 -345 -696 942 793 796 -49 248 379 -183 -314 751 498 906 299 -831 -859 99 -180 754 -799 846 -516 230 668 872 208 -345 -164 255 -364 -103 -572 -313 997 -133
379 810 26 33 784 534 -401 707 -802 332 345 -390 689 -993 606 -453 301 -436 -74 54 122 444 245 824 -892 523 -784 702
-488 -876 -778 -313 -260 827 -909 669 589 -751 -276 -122 -316 -222 498 296 264 -333 136 213 217 -354 847 -429 276 779 -638 -122 565 -345 -609 -420 -835 945 348 98 -839 -981 876 -232 359 -260 892 206 357 -499 -8 -211 -86 371 183 -264 -10 -183 294 -957 38 638 -59 -844 -844 -141 -454
115 -598 557 -246 -697 284 488 168 435 510 392 314 116 -130 434 -217 -207 -929 332 -495 -112 913 414 -284 -554 -469 -849 537 670 33 -653 -109 698 966 -535 -635 764 483 -238 874 -655 -959 -857 -98 -338 -429 153 -323 90 703 -412 -368 -758 -175
126 -215 -966 -400 -175 -904 33 -353 787 -860 -145 145 -751 34 599 -903 -817 611 697 43 -578 -838 -593 -78 612 -603 -961 516 -417 814 -864 427 455 -758 574 -602 -895 -600 -251 123 -9 353 -424 -203 -358 -597 -596 -35 789 621 833
618 388 -161 -794 -751 10 650 858 209 -771 585 413 -85 -981 -420 -331 -429 -700 405 269 926 390 -524 -240 -366 -495
-837 47 722 -450 -325 -224 465 849 798 -566 -368 -131 261 -227 -690 498 765 101 -254 298 -761 446 -100 991 409 -322 -528 711 -245 1 283 -244 -959 -462 -589 -574 864 16 -21 818
-706 -871 -780 638 -266 -883 -336 -874 178 -144 58 -650 319 -147 428 -524 -680 -625 782 -526 -702 480 15 943 -649 137 -986 939 -213 217 360 -129 697 893 332 -906 934 -732 308 579 -71 -167 -226 -780 419 -386 -987 699 -950 888 978 -22 -256 342 475 -734 997 976 -689 -872 -669 50 -218 -402 -823 -455 795 755 315 -620 199
-90 -964 458 661 -400 -342 -60 600 -616 456 433 -109 998 857 -32 553 117 834 -242 -748 -849 -293 -839 85 -649 391 907 231 -514 252 962 -924 521 -475 693 -770 466 157 704 640 72 881 411 -35 -977 812 90 -484 477 -225 81 268 -653 -509 -191 520 -480 -885 863 215 910 -534
612 416 -968 -228 -724 -384 875 -135 113 831 -504 -512 -435 -46 820 -940 519 362 -391 103 -234 -710 -689 -623 193 786 628 469 270 180 -879 482 -589 886 837 -297 -112 -903 -562 -769
55 -125 -288 747 -290 -259 414 151 -190 346 -478 -924 -397 709 345 -359 -744 704 -179 620 40 -392 -796 815 237 -316 -802 -698 386 -872 -571 358 844 -230 -12 -38 -540 -846 -411 -391 -332 -191 486 850 -86 -985 -167 -857 -615 -719 242 47 93 -678 -653 -145 -1 -542 -576 -924 56 -708 -84 611 -917 -315 249 373 -38 808 145 -205 -951 -105
475 800 983 656 -464 -639 677 -278 139 907 -204 222 372 -848 935 -522 -737 880 966 699 759 98 -892 521 712 -341 78 681 -349 357 -356 -662 -926 845 -538 601 -877 -118 -535 364 212 -660
-410 -870 854 71 807 30 -109 -148 -102 190 424 -807 -321 -407 -99 -977 977 919 -884 805 -528 994 831 8 -55 -930 605
417 -630 -237 620 -198 132 -731 -590 -534 528 742 -705 111 -849 -408 -7 -965 773 96 -481 -99 -293 -247 666 -791 -841 -471 387 -645 637 -673 63 539
920 101 -575 -290 -706 766 314 -595 821 -59 -220 -381 -974 -58 389 294 841 149 294 951 -495 982 593 -736 -826 -621 -74 31 57 -145 115 292 565 79 168
968 -591 -352 356 -971 -987 453 -339 -220 527 -277 281 86 741 710 304 -352 -874 -258 -676 -281 -769 837 908 -436 -276 -330 53 -212 30 -39 476 -504 257 -468 803 272 898 -35 24 980 -369 -831 92 961 -528 -554 109 -827 376 -272 937 946 -80 -340 -893 -75 -146 646 -457
-781 -692 945 998 -766 -535 136 96 -846 -23 -99 100 964 315 -893 -136 706 -743 -786 361 -882 -612 969 -601 955 -744 -670 308 166 365 856 391 971 113 -493 134 -660 494 602 70 493 -326 -837 496
-382 562 503 -32 791 263 -24 208 -995 187 -754 -335 -203 842 267 -777 -188 -950 -724 24 650 349 36 -931 -972 858 -993 695 954 -966 766 405 -268 -814 780 834 -370 -290 838 256 -769 -691 609 806 659 -339 491 -541 803
533 -464 914 855 -469 -126 -47 -226 -927 -269 -558 -529 690 -348 -947 -606 -506 839 -279 329 -208 -904 -385 152 886 -870 -315 777 -11 -872 55 86 -14 -627 -559 678 982 428 -543 121 -567 320 -620 -940 -850 -345 -849 85 -192 -425 238 -514 -148 -228 742 -397 191 271 -726 143 -715
-233 283 -187 -194 166 201 996 105 383 380 -31 789 899 228 -980 -792 -369 990 259 784 707 -492 -987 -66 783 -480 -322 937 -381 31 30 735 -438 137 -967 311 270 -959 909 594 848 463 408 571 -177 793 811 -659 119 -491 -63 -527 -516
660 389 -320 787 215 420 -587 422 542 681 568 21 -703 869 735 326 4 487 -287 -141 -771 218 870 425 434 -838 499 961 548
-213 -320 -85 628 356 -316 -183 425 -233 -211 287 923 -931 70 -12 242 491 207 771 -344 910 -919 257 -851 -106 353 434 208 212 959 316 595 469 60 599 -406 -614 934 -146 236 8 995 773 978 -395 -717 -617 447 741 -855 562 -187 -203 174 -401 464 587 636 -979 -572 693 717 -151 -169 -523 -208
655 172 78 785 467 -673 48 -8 -379 -668 -662 192 -626 -796 459 598 -835 -304 908 -303 -95 542 277 -90 -136 -466 -242 15 345 946 893 713 -485 508 -61 -97 -314 565 -290 -425 64 -957 -252 550 935 38 302 657 615 -905 236 230 -421 -207 972 965 -359 -51 -733 -140 622 188 362 -694
-521 53 -730 974 -788 -572 6 -333 -196 966 -425 63 -876 -909 392 -862 404 -378 953 -731 256 -535 -183 -822 321 -876 -883 151 -558 -382 195 173 391 972 -785 332 -683 781 974 -426
-43 -844 538 501 597 -421 186 -569 -543 -79 -799 885 -31 47 916 -361 404 -935 86 -362 -916 534 -476 847 665 -144 921 710 979 33 271 561 -941 935 -953 878