-84 580 568 -935 N/A 893 107 68 -601 N/A -491 N/A 875 412 80 -172 803 N/A -838 675 -353 -982 N/A 350 925 929 N/A 5 468 -806 546 754 N/A 565 N/A -80 617 -466 N/A 174 N/A -295 180 N/A 866 N/A 227 -774 N/A 257 419 -350 -729 N/A 436 -929 570 -877 N/A -65 322 N/A -303 -705 424
-236 225 186 N/A 764 -819 530 N/A 893 -252 481 N/A 284 520 -4 N/A 176 -260 195 N/A 466 N/A 235 N/A 985 94 -478 N/A -789 -158 165 -558 867 N/A -114 N/A -993 911 -400 685 311 824 -901 441 -799 N/A 497 756 N/A -144 255 143 N/A -286 740 N/A 246 -121 -400 405 25 -298 N/A -474 -642 N/A -226 67 N/A 556 N/A 150 222
579 -555 N/A -328 -217 -370 779 N/A 785 -960 -229 308 -966 -942 N/A -876 N/A -718 995 N/A -581 770 -667 -869 N/A 517 168 517 N/A 177 -212 -744 N/A 902 N/A -604 -804 -301 N/A -206 -554 N/A -588 143 -119 152 -217 -859 -920 408 N/A -367 N/A 306 N/A -391 -586 514
-963 -331 300 N/A -31 -865 672 -912 266 -40 -502 -404 N/A -432 -86 445 N/A -568 N/A 511 N/A 664 787 -841 683 N/A 681 45 N/A 968 64 N/A 950 872 N/A 79 N/A -772 -249 720 N/A -979 172 318 208 318 438 670 -396 N/A -345 122 860 N/A -995 207 N/A -998 -742 N/A 718 425
854 559 N/A -951 336 N/A 228 -271 N/A 51 -642 -270 -774 43 N/A 879 N/A 442 277 704 446 N/A 752 209 605 545 836 N/A 897 N/A 841 N/A 263 8 545 -985 N/A -920 -351 236 N/A 622 376 -426 95 N/A 268 -326 N/A -377 156 738 N/A 256 -246 -298 N/A 931 N/A 492 -461 -416 -79 -236 390
974 N/A -918 N/A 742 N/A -982 N/A -428 N/A 397 106 554 N/A 180 234 641 222 -892 774 912 360 277 815 N/A -44 -47 -433 459 N/A -30 N/A 552 349 -899 921 -280
275 521 432 N/A 244 240 -302 -272 N/A 415 -400 N/A -310 715 628 -729 -163 -505 -505 72 -816 N/A -675 N/A 779 261 N/A -177 -36 N/A 248 N/A 752 -462 N/A 444 N/A -332 -74 -23 N/A -166 -452 -144 N/A -909 306 275
-7 -186 -415 -816 N/A 570 660 -564 378 N/A 527 748 N/A -206 -898 N/A -462 N/A -933 N/A -594 948 -764 N/A 795 373 -559 -623 554
-281 N/A 611 -600 460 -536 -638 -673 -459 -402 -466 -241 485 N/A 31 -857 679 451 N/A 738 -937 504 988 N/A -547 840 N/A -895 -651 342 -110 -639 N/A -946 -881 N/A 960 N/A 954 628 -869 -198 N/A -291 -106 739 81 -520 N/A -835 -574 N/A 897 157 N/A -811 67 -614 N/A -894 55 -750 -26 N/A -353 N/A 197 932 N/A 113 N/A -567 167 N/A -58
-699 -776 -472 -444 N/A 214 N/A -788 N/A 82 -399 956 -916 -498 -257 N/A -554 20 288 N/A -964 876 N/A 318 N/A 17 -987 188 657 N/A -943 61 406
139 541 241 N/A -335 30 N/A 334 222 N/A -575 N/A 593 840 640 867 N/A 607 N/A 717 880 -630 -331 N/A -959 131 -741 -74 N/A 124 390 N/A 59 875 -911 998 -989 349
-102 796 -810 N/A 75 -933 703 -882 -405 878 -182 N/A 811 -217 -649 -565 N/A 496 N/A 130 640 -115 -1 N/A 6 N/A -213 -262 -147 N/A 603 N/A -510 6 -271 N/A -809 107 -227 N/A 316 N/A 576 -739 N/A -432 N/A 14 43 561 -650 783 -570
-630 -833 -858 -627 N/A -29 -98 654 N/A 68 492 617 98 N/A 843 N/A -987 381 296 345 175 N/A -328 N/A 827 -802 N/A -107 41 -848 238 594 N/A 227 560 853 576 N/A -45 N/A 422 90 364 819 -201 588 838 N/A 713 N/A 181 N/A 641
-392 -896 260 606 -366 475 452 N/A -937 230 -530 913 -17 N/A -258 N/A -620 -146 556 N/A 15 -744 -875 -157 -750 N/A -694 N/A 718 -623 -142 -949 -105 N/A 86 362 N/A 123 -204 -916 -268 N/A 221 347 N/A 100 786 -211 -200 N/A -713 -587 -360 N/A 233 30 -794 N/A 655 -107 N/A 199 711 N/A 103 -451 N/A -573 N/A 391
937 -200 -323 -612 N/A -829 -887 -439 N/A -492 N/A 537 -847 231 N/A 183 129 409 -563 -922 N/A -397 109 N/A -210 838 N/A -703 -879 -586 108 N/A -582 -644 603 -369 -385 N/A -193 N/A 415 -460 434 -803 N/A -266 N/A -899 -608 -848 N/A 324 N/A 104 925 309 614 -575 494 N/A 548 -622 N/A 330 -211 433 830 704 N/A 379 N/A 770 198 128 690
136 N/A 491 949 N/A -147 836 297 615 N/A -462 216 -429 228 589 864 N/A -740 -952 -280 N/A -140 N/A -80 -473
-419 N/A 916 -567 -985 N/A -54 622 172 N/A 423 -688 N/A -32 211 N/A 914 N/A -861 N/A -485 758 N/A -354 -71 N/A 493 N/A -53 -373 81 -58 N/A -717 -549 913 -734 N/A 517 N/A -811 256 286 N/A -313 -686 950 303 972 492 858 476 -945 272 N/A -509 214 -531 -786 910 -518 786 N/A -483 155 -616
810 594 -502 N/A -224 930 N/A 50 513 N/A 737 -484 N/A 200 155 444 N/A -451 339 -156 -203 N/A 626 454 321 -707 -664 458 N/A -818 -905 266 -406 N/A 291 -376 N/A 985 -922 363 874 N/A 610 -972 -247 -785 -568 269 N/A -137 N/A -983 -544 N/A 928 794 -293 N/A -64 N/A -40 -49 -924 N/A -803 47 -516 N/A -550
-321 872 -839 N/A 103 -448 -699 661 267 107 138 444 24 N/A 531 316 N/A -972 181 -975 269 N/A 66 N/A -870 374 N/A -690 N/A -19 N/A -149 -841 -831 424 N/A 505 N/A -12 -812 -358
-82 384 -393 4 -384 N/A 362 198 N/A -438 425 N/A 358 N/A 703 N/A -490 639 -117 -368 -973 -432 -876 N/A -647 N/A 988 -559 -583 -698 N/A -843 N/A 251 -865 N/A -437 -14 N/A 712 911 N/A 287 698 367 -37 -137 772 268 -587 -721 -591 N/A 559 -685 853 960 -579 -586 N/A 131 -383 423 N/A -4 -886 N/A -114 N/A -444
25 69 N/A -399 -135 N/A -959 694 N/A 310 N/A -648 -118 -376 886 759 983 465 N/A -109 N/A 852 -474 N/A 205 587 N/A -799 N/A -284 -823 N/A -323 -435 -341 -365 -358 390 911 N/A -313 203 N/A -905 813 N/A 568 858 522 991 449 N/A -261 N/A -321 -390 N/A -795 -78 -351 631 551 -5 -896 N/A -290 793 -303 664 N/A -72 -448 -915 91
-682 N/A -115 N/A -24 N/A -680 -438 787 N/A -13 252 N/A -953 883 -533 633 N/A -921 -627 635 N/A 113 245 -660 626 114 617 863 544 N/A 611
-416 N/A -403 -932 -641 N/A -981 -963 N/A -583 303 -353 538 452 943 N/A -334 522 243 462 697 -890 N/A 506 530 -26 N/A -179 N/A 722 -87
-281 229 N/A 570 124 -17 N/A 114 894 -215 -511 N/A -773 915 278 N/A -501 -141 -134 N/A 523 -363 N/A -171 N/A 252 N/A 821 -508 -809 595 536 971 N/A 61 -392
-513 185 -141 N/A 121 -999 933 -547 N/A 545 -509 676 638 N/A -547 -699 488 N/A 605 100 159 -760 542 N/A -101 276 830 N/A -355 N/A 303 N/A -938 381 -557
-947 -272 -534 N/A -998 -741 96 -122 159 -95 N/A -558 N/A 900 -159 591 488 61 N/A 286 -457 N/A -17 N/A -142 663 913 -632 -62 N/A 664 N/A 661 -72 N/A -624 N/A -854 N/A 639 -957 -744 N/A 63 N/A 497 925 -467 N/A -506 -113 -826 -209 -344 954 N/A -999 770 492 -543 N/A -556 148 508 -877 138
708 933 974 680 -903 N/A 94 -779 N/A 807 994 272 996 N/A -75 N/A 613 N/A -251 642 332 N/A -342 451 242 72 379 -183 N/A -943 -606 N/A 438 -248
-925 N/A -180 -768 817 -334 -341 N/A 637 N/A 611 N/A -298 224 N/A 475 656 885 -618 554 N/A 100 133 140 164 524 N/A 312 -159 N/A 598 -851 -999
-66 N/A -348 -684 -57 461 589 484 N/A 191 507 N/A -531 552 N/A -973 N/A -147 -558 -300 -151 -64 -754 N/A -827 -499 439 133 N/A -743 N/A 784 N/A 47 -155 -985 -503 -71 N/A -118 534 N/A -174 263 -577
908 -869 -738 -986 N/A -209 N/A 680 258 N/A 976 N/A 611 636 513 N/A -428 -313 -843 -748 311 943 N/A 17 N/A 477 N/A -970 259 344 N/A -276 N/A -323 778 246 -968 268 -184 476 35 -320 N/A 857 169 N/A -69 422
748 N/A 568 N/A 594 636 176 -766 695 N/A -324 N/A 694 -633 144 -603 101 N/A 430 666 544 -384 273 -609 152 -138 N/A -747 N/A -154 -521 952 810 704 N/A -206 862 N/A 429 N/A 147 -677 303 -498 -966 -777 N/A -883 N/A -733 N/A 301 150 -874 N/A 713 -815
540 -542 -493 -196 N/A -572 N/A 905 -805 N/A 606 225 -297 -186 N/A -329 752 -359 207 -337 N/A -896 449 337 N/A -602 -539 N/A 733 N/A -241 409 -570 N/A -210 -398 381 -324 275 -931 N/A 732 N/A 51 -350 -72 N/A -821 N/A -339 -129 483 N/A 696 -797 N/A 267 -313 -268 -900 137 736
908 N/A 449 241 649 830 N/A -487 972 N/A 998 N/A -988 -654 -820 -330 348 N/A -584 924 -500 -568 N/A 621 N/A 489 -689 947 -449 -869 590 103 N/A 345 -126 -730 N/A 174 -168 N/A -196 N/A 614 413 N/A 318 922 -715 412 -99
-341 N/A -730 N/A -196 346 N/A -23 -105 -139 931 393 N/A -697 -73 N/A 735 344 N/A -65 N/A -729 -15 604 627 692 -931 295 670 -463 -841 N/A -523 299
-669 433 765 582 753 -181 N/A -528 221 -130 -726 -14 N/A -160 531 318 N/A 601 N/A -121 N/A -315 926 406 N/A 978
-287 418 N/A 808 -302 N/A -146 N/A 162 3 -528 N/A 712 159 N/A -410 689 -46 N/A -802 721 N/A 756 743 -875 -126 -107 -392 934 -133 328
487 N/A -993 -433 -890 733 N/A -343 574 582 N/A 786 828 734 N/A -724 638 N/A 16 505 86 -98 N/A -778 4 988 -276 N/A 884 -800 10 N/A 793 -518 5 290 138 N/A 395 850 -637 N/A 542 N/A -228 -388 N/A -406 -585 871 365 N/A 976
845 -978 N/A 737 -386 -392 N/A 538 N/A -750 N/A 364 -211 695 501 N/A 118 -482 N/A 92 -550 877 N/A -118 321 -651 454 981 N/A 618 -811 220
-883 68 N/A -822 -30 309 -713 600 N/A -90 N/A -769 -565 N/A 862 -656 -788 N/A -506 -921 N/A -475 -158 -690 200 -914 440 -430 747 -403 N/A -454 N/A 32 N/A 629 332 N/A -566 281
-196 453 -797 N/A 524 N/A -178 885 N/A -311 204 -757 -577 833 N/A 163 -20 653 580 N/A 163 -857 N/A -481 235 -494 27 N/A 476 9 -873 156 -897 N/A 357
-204 -240 -839 N/A -200 125 -504 775 N/A -781 449 -916 N/A 280 N/A 485 399 652 61 N/A 847 878 N/A -557 306 -489
-411 933 797 -575 431 N/A -947 426 271 -267 -586 -377 814 N/A 663 817 N/A 576 -203 N/A -483 841 597 46 N/A -430 N/A 2 -767 N/A 39 238 -366 N/A 983
710 N/A 712 -586 N/A 555 N/A 283 N/A 671 421 567 N/A -506 -150 963 N/A -733 N/A -624 368 -897 -36 -972 -938 -752 -681 -182 N/A 820 -368 N/A -275 N/A 556 -64 N/A -732 -643 N/A 491 N/A 765 912 -124 -560 -707 -972 N/A 638 621 N/A 71 -882 151 431 -312 -555 N/A 370 132 800 -759 -202 -697 -333
218 N/A -549 -811 N/A -542 -427 N/A -917 -751 -536 -922 867 N/A 16 259 -323 -739 N/A 135 328 -682 N/A -372 -362 -761 810 55 912 N/A -906 N/A -872 182 N/A -589 -936 560 -934 -51 N/A 33 438 290 N/A -589 460 -986 214 N/A -896 866 -946 423 N/A -266 N/A -797 956 141 N/A 487 -633 260 N/A 822 -597 592 -463 N/A 515 N/A -949
-754 N/A -415 867 N/A -202 -786 -787 -161 -4 338 -552 N/A -698 -509 N/A 153 -475 711 694 281 N/A -401 N/A 390
18 320 N/A 739 693 N/A -543 -158 944 -56 N/A 850 -196 450 452 N/A -904 N/A 322 -151 -576 N/A -315 N/A 703 723 -116 726 N/A -703 20 358 N/A 578 N/A -689 N/A -599 -171 -258 -671 75 -174 N/A -349 978 726 -558 412 -524 866 24 N/A 253 -720 -12 N/A 21 -367 499 N/A -539
277 N/A -616 -576 N/A -783 N/A -8 N/A 504 N/A -167 -840 -829 -543 -522 -364 -748 310 960 982 633 -318 N/A -985 151 683 300 295 930 382 992 N/A -226 N/A 779 -358 N/A 893 -199 N/A 143 -672 N/A -345 15 -221 N/A 367 396 -293
923 -904 250 N/A 497 788 -148 N/A 114 N/A 695 N/A 866 937 819 -66 N/A 956 -724 -74 -624 N/A -72 -183 N/A 651 -792 -820 N/A 28 -730 736 -976 -411 34 N/A -373 N/A -862 N/A 864 602 -925 -139
657 N/A -80 -141 -240 N/A 250 113 407 N/A -789 697 N/A 46 817 -173 988 -225 916 671 -915 496 N/A 584 125 627 N/A 464 -412 -717 -334 -692 N/A -588 -42 N/A -276 -462 284 N/A -624 N/A 863 N/A 118 -346 N/A 854 N/A -574 -627 975 -456 -927
605 -977 -132 250 487 -176 -609 855 -372 235 N/A -71 N/A 717 515 -803 N/A 130 758 N/A -214 272 858 N/A -770 N/A 952 460 N/A 826 -391 280 N/A -151 216 -672 N/A -526 574 985 N/A 14 -327 757 N/A 727 673 N/A 416 877 N/A 767 -574 N/A -231 917 -980 -755 317 -252 328 N/A -843 N/A 274 -408 N/A 763 905 846 N/A 211 -851 -336
218 N/A -439 -946 N/A 959 -477 663 354 542 -992 285 313 N/A 255 -522 730 728 -186 N/A 725 N/A -699 422 213 512 N/A 541 121 N/A 410 729 N/A 966 -612 -963 N/A -186 435 N/A -929 876 N/A 941 -993 689 N/A -860 N/A 994 581 N/A -575 181 416 N/A 934 -924 -637 -623 -95 -267 N/A 54 537 N/A 357 N/A -563 265 578 244 -257
940 952 95 196 -590 -390 223 554 N/A 704 40 726 N/A 469 635 -113 -484 -556 N/A 65 -676 653 597 N/A 164 -746 148 953 N/A -684 N/A -206 886 71 N/A 204 N/A -941 N/A 724 583 N/A 566 357 -800 N/A 452 647 511 N/A -987 N/A -428 -232 -583 N/A -23 449
-855 557 -472 -933 412 139 N/A 238 -488 N/A 0 -631 54 -115 -144 N/A 189 928 N/A 70 N/A 519 -990 571 -354 N/A -980 -852 645 N/A -247 281 N/A -60 -535 N/A 618 N/A 466 -364 612 -602 -214 N/A -652 N/A -912 787 -277 N/A -132 899 500 N/A 414 -991 -841 N/A 888 324 13 927
-367 903 403 -865 N/A 505 -235 -195 N/A -189 408 308 830 N/A 216 -109 N/A -609 475 -973 N/A -74 -24 N/A -30 846
-159 603 N/A 323 653 -493 N/A 827 672 N/A -180 792 N/A 91 84 N/A 884 -558 N/A -653 N/A -816 N/A 384 -988 -58 -308 N/A -298 -909 396 569 N/A -572 -134 N/A -672 752 N/A -311 -320 237 163 N/A -683 836 -460 -594 -554 834 983 -505 26 24 -206 N/A -668 -442 346 -489 106 N/A 597 -196 N/A 361 341 N/A -487 328 817 N/A -94 857
620 -221 935 -919 721 N/A 65 N/A -728 821 N/A -682 -539 -261 38 -288 691 186 N/A 569 -982 N/A 41 -982 448 N/A -398 -165 N/A 910 N/A -491 N/A 127 394 471 109 N/A 649 35 -660 N/A -636 -228 -367 N/A 437 598 N/A 124 287 N/A 454 -280 -44 -407 -766
-250 560 886 N/A 380 -469 N/A -689 722 -646 -913 -108 190 N/A -481 239 N/A 961 850 -923 773 N/A 898 -711 N/A -96 -444 -605 577 -76 197 N/A -80 -210 N/A -308 -404 N/A -192 N/A -525 -200 170 N/A 183 -623 N/A -613 -792 N/A 729 -220 -788 -267 592 N/A -373 679
-286 N/A 526 324 N/A 830 N/A -727 -577 198 N/A -968 536 N/A 331 -999 -693 411 -525 N/A -496 903 315 -721 929 -622 N/A 356 N/A 672 -204 -251 N/A -310 845 248 380 -624 -568 -61 -764 802 557 427 N/A 355 N/A 567 N/A 117 N/A 481
317 299 -815 -703 790 N/A 406 -685 300 771 N/A 58 986 -647 N/A -516 N/A 675 N/A 15 964 N/A -223 697 852 -815 280 -193 N/A -613 123 N/A -109 N/A 502 -751 N/A -605 -960 -809 825 -23 N/A -385 -698 8 N/A -422 -76 700
640 N/A -618 -53 N/A 624 -18 -721 297 132 -854 -173 -116 -86 690 -142 471 N/A -889 N/A 299 -440 -994 N/A 649 979 889 966 -701 N/A 378 -984 -341 N/A 114 N/A -170 -441 -236 531 N/A -256 N/A -535 N/A -294 N/A -825 -933 -349 -286 783 N/A -287 -941
-712 373 -291 -18 N/A 989 N/A 1 -548 N/A -932 -621 443 -505 N/A -573 725 N/A -906 445 N/A -588 -27 N/A -168 430 634 N/A 184 -518 N/A -445 -412 -375 -51 -108 557 N/A 747 2 N/A 734 636 276 32 N/A -412 -609 560 -243 -797 -184 N/A 769 -792
-554 -200 136 238 N/A 991 -662 186 71 N/A -852 308 N/A -910 355 -233 904 N/A 193 329 N/A 629 N/A -590 N/A -606 353 62
-597 701 N/A 588 N/A 626 -714 -368 -836 N/A 765 324 -994 228 -256 -805 687 N/A -296 N/A -259 984 N/A -738 -583 810 246 316 -185 N/A -945 -560 -577 -774 N/A 45 -56 N/A 704 N/A -665 406 -941 N/A 250 -948 N/A 809 694 N/A 804 577
176 98 482 -411 115 829 964 N/A -757 N/A 193 -591 80 N/A -533 -442 347 472 -529 159 -404 N/A 639 355 603 -323 N/A -75 66 N/A 751 -258 N/A 580 342 N/A -674 N/A -95 313 N/A -870 272 -960 821 N/A -76 235 -186 N/A 191 N/A 2 -193 N/A 750 N/A -135 365 197 -401 -154 -676
561 -529 -315 19 -655 N/A 364 343 307 -968 N/A 50 -681 N/A -685 242 -37 -890 405 370 N/A -100 N/A 698 N/A 652
275 N/A 589 119 N/A -179 615 -520 N/A 455 -28 -511 554 N/A -185 N/A -659 630 N/A -722 540 316 752 195 -527 -508 N/A -641 -673 986 -978 N/A -576 -125 287 818 -583 N/A 36 N/A 815 487 N/A 640 N/A -268 -349 -640 N/A -941 -163 353
453 518 598 N/A 716 -23 N/A 528 658 61 522 626 574 -310 -518 -587 N/A -469 N/A -569 651 N/A -170 -94 -271 N/A 199 198 N/A 998 -624 -963 -549 968 829 -352 981 N/A -630 18 -326 N/A 443 75 N/A 704 800 N/A 526 N/A 172
-865 N/A -118 318 -552 -629 N/A -162 -164 N/A 418 511 710 -516 991 -728 N/A 267 196 N/A -583 370 -500 738 N/A 793 N/A -443 816 632 855 -567 934 -899 -606 N/A 448 43 -850 -431 N/A -604 N/A 285 N/A -151 364 N/A -475 N/A -339 231 N/A 892 718 -25 -170 597 N/A 630 -912 N/A 158 -969 907 -465 943 N/A 172 -686 -923 -504 477 N/A -111
-995 224 233 N/A 570 N/A -842 641 -532 N/A 181 881 -362 -829 N/A 896 -987 N/A -517 N/A -867 600 860 46 N/A 798 -839 N/A -654 N/A 799 -407 62 979 -196 12 921 -163 -988 -785 N/A -90 N/A 575 -972 518 -262 N/A 71 -738 561 N/A 334 -517 882 N/A 363 698 -419 N/A 115 269 -310 N/A 468
-670 469 734 -259 N/A -914 763 N/A -98 -137 N/A -147 -945 N/A -896 N/A -261 -158 581 N/A 378 -618 N/A -892 -489 -856 -864 -513 843 550 N/A -734 339 N/A -31 -793 N/A 396 768 522
263 N/A -942 -885 759 -52 N/A -300 -63 N/A 354 474 209 -173 N/A -150 -187 N/A -262 N/A -638 -43 -715 -157 873 N/A 943 388 369 535 N/A 553 -881 940 N/A 49 -405 854 -513 N/A -570 N/A -663 -771 202 26 N/A 655 -820 -445 558
-675 N/A -192 -478 N/A -986 577 N/A -60 317 -636 630 -20 -604 N/A 947 -962 -663 296 N/A -337 -519 N/A 420 -801 N/A -282 N/A 657 N/A -331 817 10 N/A -703 867 871 -925 N/A 689 686 108 193 -529 -367 -306 -734 N/A 854 -319 -608 N/A -77
429 828 196 N/A -550 N/A -834 N/A -200 -246 -265 362 886 -305 899 -168 168 -104 -90 N/A 0 -491 N/A 949 -734 N/A 602 835 N/A 635 -413 392 241 N/A -177 -133 345 -14 -616 N/A -681 -210 -775 652 899 -769 N/A 528 551 N/A -605 N/A 987 -399 984 N/A 659 N/A 685 N/A -237 -371 -239 N/A -20 -224 -513